1 -nan
1.05 0
1.1 0
1.15 0.00890208
1.2 0.0844444
1.25 0.128114
1.3 0.157037
1.35 0.179161
1.4 0.194444
1.45 0.206522
1.5 0.216889
1.55 0.247253
1.6 0.272281
1.65 0.291614
1.7 0.307826
1.75 0.321772
1.8 0.333333
1.85 0.343146
1.9 0.352258
1.95 0.359741
2 0.366857
2.05 0.372747
2.1 0.37812
2.15 0.383214
2.2 0.387597
2.25 0.391523
2.3 0.395461
2.35 0.398748
2.4 0.402092
2.45 0.404882
2.5 0.407515
2.55 0.410154
2.6 0.412429
2.65 0.414517
2.7 0.41672
2.75 0.418547
2.8 0.420498
2.85 0.422111
2.9 0.423662
2.95 0.425283
3 0.426667
3.05 0.424264
3.1 0.422051
3.15 0.419826
3.2 0.417778
3.25 0.41571
3.3 0.413651
3.35 0.411884
3.4 0.409962
3.45 0.408166
3.5 0.406519
