20.033562 	 797928 
20.054863 	 802139 
20.055325 	 787470 
20.076195 	 802388 
20.076658 	 787470 
20.077120 	 952431 
20.097528 	 802388 
20.097992 	 787470 
20.098454 	 952431 
20.118862 	 802388 
20.119324 	 787710 
20.119787 	 952431 
20.120249 	 952431 
20.120712 	 952431 
20.121174 	 932394 
20.140196 	 802388 
20.140657 	 787710 
20.141121 	 952431 
20.141582 	 952431 
20.142046 	 952090 
20.142508 	 932067 
20.144705 	 1156804 
20.145166 	 1156804 
20.145630 	 1156804 
20.161530 	 802139 
20.161991 	 787470 
20.162455 	 952090 
20.162916 	 952431 
20.163378 	 952431 
20.163841 	 932067 
20.166039 	 1156804 
20.166500 	 1156804 
20.166962 	 1157294 
20.169159 	 1154662 
20.169622 	 1154161 
20.204283 	 707085 
20.225992 	 1271973 
20.247787 	 697352 
20.269583 	 686057 
20.274609 	 1111236 
20.275070 	 1111701 
20.275534 	 1111236 
20.278862 	 875309 
20.279325 	 924505 
20.289530 	 825578 
20.289991 	 810481 
20.290453 	 833745 
20.290916 	 833491 
20.295788 	 1150168 
20.296249 	 1150665 
20.300196 	 825835 
20.300657 	 810728 
20.310862 	 825835 
20.311325 	 810481 
20.311787 	 833491 
20.312250 	 833491 
20.312712 	 833491 
20.317568 	 1154161 
20.318029 	 1154662 
20.321529 	 890552 
20.321991 	 873010 
20.332195 	 825835 
20.332659 	 810481 
20.333120 	 833491 
20.333582 	 833745 
20.335779 	 1154662 
20.336243 	 1124868 
20.339363 	 1154662 
20.339827 	 1124868 
20.342863 	 969092 
20.343325 	 948355 
20.353529 	 875309 
20.353991 	 900160 
20.354454 	 899863 
20.354916 	 900160 
20.357113 	 1154161 
20.357574 	 1125344 
20.360697 	 1154662 
20.361158 	 1125344 
20.361622 	 1156804 
20.364195 	 1038340 
20.364658 	 1067402 
20.374863 	 978070 
20.375324 	 978070 
20.375788 	 978070 
20.376249 	 978070 
20.378447 	 1154161 
20.378908 	 1124868 
20.382030 	 1154161 
20.382492 	 1124868 
20.385529 	 969445 
20.385992 	 948355 
20.396196 	 1070746 
20.396658 	 1071165 
20.397120 	 1071165 
20.397583 	 1070746 
20.399780 	 1154161 
20.400242 	 1124868 
20.400415 	 1236295 
20.406862 	 847685 
20.407324 	 847685 
20.407787 	 847685 
20.408134 	 847685 
20.417528 	 978070 
20.417992 	 978070 
20.418453 	 978070 
20.418800 	 999885 
20.428196 	 717729 
20.428658 	 717729 
20.429121 	 717536 
20.429468 	 717536 
20.438862 	 978070 
20.439325 	 978070 
20.439787 	 978070 
20.440134 	 999885 
20.449530 	 767885 
20.449991 	 767885 
20.450453 	 754808 
20.450800 	 789915 
20.460196 	 978070 
20.460657 	 978420 
20.461121 	 978070 
20.461468 	 999519 
20.470861 	 816716 
20.471325 	 801532 
20.471786 	 824794 
20.472134 	 840163 
20.481529 	 1011625 
20.481991 	 988405 
20.482454 	 1017287 
20.482801 	 1041185 
20.492195 	 802388 
20.492659 	 787470 
20.493120 	 952431 
20.493467 	 973348 
20.502863 	 802139 
20.503325 	 787470 
20.503786 	 952431 
20.504135 	 973348 
20.513529 	 802388 
20.513990 	 787710 
20.514454 	 952431 
20.514801 	 973348 
20.524195 	 802388 
20.524658 	 787470 
20.525120 	 952431 
20.525467 	 973705 
20.534863 	 802139 
20.535324 	 787710 
20.535788 	 952431 
20.536135 	 973348 
20.545528 	 802388 
20.545992 	 787470 
20.546453 	 952431 
20.546801 	 973348 
20.556196 	 802139 
20.556658 	 787470 
20.557119 	 952431 
20.557468 	 973348 
20.566862 	 802388 
20.567324 	 787710 
20.567787 	 952431 
20.568134 	 973348 
20.577528 	 802388 
20.577991 	 787470 
20.578453 	 952431 
20.578800 	 973705 
20.588196 	 802388 
20.588657 	 787710 
20.589121 	 952431 
20.589468 	 973348 
20.598862 	 802388 
20.599325 	 787470 
20.599787 	 952431 
20.600134 	 973348 
20.609529 	 802139 
20.609991 	 787470 
20.610455 	 952090 
20.610802 	 973348 
20.620195 	 802388 
20.620657 	 787710 
20.621120 	 952431 
20.621468 	 973348 
20.630861 	 802388 
20.631325 	 787470 
20.631786 	 952431 
20.632133 	 973705 
20.641529 	 802388 
20.641991 	 787710 
20.642454 	 952431 
20.642801 	 973348 
20.652195 	 802388 
20.652658 	 787470 
20.653120 	 952431 
20.653467 	 973348 
20.662863 	 802139 
20.663324 	 787470 
20.663788 	 952090 
20.664135 	 973348 
20.673529 	 802388 
20.673992 	 787470 
20.674454 	 952431 
20.674801 	 973348 
20.684195 	 802388 
20.684658 	 787470 
20.685120 	 952431 
20.685467 	 973705 
20.694862 	 802388 
20.695324 	 787710 
20.695787 	 952431 
20.696135 	 973348 
20.705528 	 802388 
20.705992 	 787470 
20.706453 	 952431 
20.706800 	 973348 
20.716196 	 802139 
20.716658 	 787470 
20.717121 	 952090 
20.717468 	 973348 
20.726862 	 802388 
20.727325 	 787470 
20.727787 	 952431 
20.728134 	 973348 
20.737530 	 802139 
20.737991 	 787470 
20.738453 	 952431 
20.738800 	 973705 
20.748196 	 802388 
20.748657 	 787710 
20.749121 	 952431 
20.749468 	 973348 
20.758862 	 802388 
20.759325 	 787470 
20.759787 	 952431 
20.760134 	 973348 
20.769529 	 802139 
20.769991 	 787470 
20.770454 	 952090 
20.770802 	 973348 
20.780195 	 802388 
20.780659 	 787470 
20.781120 	 952431 
20.781467 	 973348 
20.790863 	 802139 
20.791325 	 787470 
20.791786 	 952431 
20.792133 	 973705 
20.801529 	 802388 
20.801991 	 787710 
20.802454 	 952431 
20.802801 	 973348 
20.812195 	 802388 
20.812658 	 787470 
20.813120 	 952431 
20.813467 	 973705 
20.822863 	 802139 
20.823324 	 787470 
20.823788 	 952090 
20.824135 	 973348 
20.833529 	 802388 
20.833992 	 787470 
20.834454 	 952431 
20.834801 	 973348 
20.844196 	 802139 
20.844658 	 787470 
20.845119 	 952431 
20.845467 	 973705 
20.854862 	 802388 
20.855324 	 787710 
20.855787 	 952431 
20.856134 	 973348 
20.865528 	 802388 
20.865992 	 787470 
20.866453 	 952431 
20.866800 	 973705 
20.876196 	 802139 
20.876657 	 787470 
20.877121 	 952431 
20.877468 	 973348 
20.886862 	 802388 
20.887325 	 787470 
20.887787 	 952431 
20.888134 	 973348 
20.897530 	 802139 
20.897991 	 787470 
20.898453 	 952431 
20.898800 	 973705 
20.908195 	 802388 
20.908657 	 787710 
20.909121 	 952431 
20.909468 	 973348 
20.918861 	 802388 
20.919325 	 787470 
20.919786 	 952431 
20.920134 	 973705 
20.929529 	 802139 
20.929991 	 787710 
20.930454 	 952431 
20.930801 	 973348 
20.940195 	 802388 
20.940659 	 787470 
20.941120 	 952431 
20.941467 	 973348 
20.950863 	 802139 
20.951324 	 787470 
20.951786 	 952431 
20.952135 	 973348 
20.961529 	 802388 
20.961990 	 787710 
20.962454 	 952431 
20.962801 	 973348 
20.972195 	 802388 
20.972658 	 787470 
20.973120 	 952431 
20.973467 	 973705 
20.982862 	 802139 
20.983324 	 787710 
20.983788 	 952431 
20.984135 	 973348 
20.993528 	 802388 
20.993992 	 787470 
20.994453 	 952431 
20.994801 	 973348 
21.004196 	 802139 
21.004658 	 787470 
21.005121 	 952090 
21.005468 	 973348 
21.014862 	 802388 
21.015324 	 787710 
21.015787 	 952431 
21.016134 	 973348 
21.025528 	 802388 
21.025991 	 787470 
21.026453 	 952431 
21.026800 	 973705 
21.036196 	 802388 
21.036657 	 787710 
21.037121 	 952431 
21.037468 	 973348 
21.046862 	 802388 
21.047325 	 787470 
21.047787 	 952431 
21.048134 	 973348 
21.057529 	 802139 
21.057991 	 787470 
21.058455 	 952090 
21.058802 	 973348 
21.068195 	 802388 
21.068659 	 787470 
21.069120 	 952431 
21.069468 	 973348 
21.078861 	 802388 
21.079325 	 787470 
21.079786 	 952431 
21.080133 	 973705 
21.089529 	 802388 
21.089991 	 787710 
21.090454 	 952431 
21.090801 	 973348 
21.100195 	 802388 
21.100658 	 787470 
21.101120 	 952431 
21.101467 	 973348 
21.110863 	 802139 
21.111324 	 787470 
21.111788 	 952090 
21.112135 	 973348 
21.121529 	 802388 
21.121992 	 787470 
21.122454 	 952431 
21.122801 	 973348 
21.132196 	 802139 
21.132658 	 787470 
21.133120 	 952431 
21.133467 	 973705 
21.142862 	 802388 
21.143324 	 787710 
21.143787 	 952431 
21.144135 	 973348 
21.153528 	 802388 
21.153992 	 787470 
21.154453 	 952431 
21.154800 	 973348 
21.164196 	 802139 
21.164658 	 787470 
21.165121 	 952090 
21.165468 	 973348 
21.174862 	 802388 
21.175325 	 787470 
21.175787 	 952431 
21.176134 	 973348 
21.185530 	 802139 
21.185991 	 787470 
21.186453 	 952431 
21.186800 	 973705 
21.196196 	 802388 
21.196657 	 787710 
21.197121 	 952431 
21.197468 	 973348 
21.206861 	 802388 
21.207325 	 787470 
21.207787 	 952431 
21.208134 	 973705 
21.217529 	 802139 
21.217991 	 787470 
21.218454 	 952090 
21.218801 	 973348 
21.228195 	 802388 
21.228659 	 787470 
21.229120 	 952431 
21.229467 	 973348 
21.238863 	 802139 
21.239325 	 787470 
21.239786 	 952431 
21.240133 	 973705 
21.249529 	 802388 
21.249990 	 787710 
21.250454 	 952431 
21.250801 	 973348 
21.260195 	 802388 
21.260658 	 787470 
21.261120 	 952431 
21.261467 	 973705 
21.270863 	 802139 
21.271324 	 787470 
21.271788 	 952431 
21.272135 	 973348 
21.281528 	 802388 
21.281992 	 787470 
21.282454 	 952431 
21.282801 	 973348 
21.292196 	 802139 
21.292658 	 787470 
21.293119 	 952431 
21.293467 	 973705 
21.302862 	 802388 
21.303324 	 787710 
21.303787 	 952431 
21.304134 	 973348 
21.313528 	 802388 
21.313992 	 787470 
21.314453 	 952431 
21.314800 	 973705 
21.324196 	 802139 
21.324657 	 787470 
21.325121 	 952431 
21.325468 	 973348 
21.334862 	 802388 
21.335325 	 787470 
21.335787 	 952431 
21.336134 	 973348 
21.345530 	 802139 
21.345991 	 787470 
21.346453 	 952431 
21.346800 	 973705 
21.356195 	 802388 
21.356657 	 787710 
21.357121 	 952431 
21.357468 	 973348 
21.366861 	 802388 
21.367325 	 787470 
21.367786 	 952431 
21.368134 	 973705 
21.377529 	 802139 
21.377991 	 787710 
21.378454 	 952431 
21.378801 	 973348 
21.388195 	 802388 
21.388659 	 787470 
21.389120 	 952431 
21.389467 	 973348 
21.398863 	 802139 
21.399324 	 787470 
21.399786 	 952431 
21.400135 	 973348 
21.409529 	 802388 
21.409990 	 787710 
21.410454 	 952431 
21.410801 	 973348 
21.420195 	 802388 
21.420658 	 787470 
21.421120 	 952431 
21.421467 	 973705 
21.430862 	 802388 
21.431324 	 787710 
21.431787 	 952431 
21.432135 	 973348 
21.441528 	 802388 
21.441992 	 787470 
21.442453 	 952431 
21.442801 	 973348 
21.452196 	 802139 
21.452658 	 787470 
21.453121 	 952090 
21.453468 	 973348 
21.462862 	 802388 
21.463324 	 787710 
21.463787 	 952431 
21.464134 	 973348 
21.473528 	 802388 
21.473991 	 787470 
21.474453 	 952431 
21.474800 	 973705 
21.484196 	 802388 
21.484657 	 787710 
21.485121 	 952431 
21.485468 	 973348 
21.494862 	 802388 
21.495325 	 787470 
21.495787 	 952431 
21.496134 	 973348 
21.505529 	 802139 
21.505991 	 787470 
21.506454 	 952090 
21.506802 	 973348 
21.516195 	 802388 
21.516659 	 787470 
21.517120 	 952431 
21.517467 	 973348 
21.526861 	 802388 
21.527325 	 787470 
21.527786 	 952431 
21.528133 	 973705 
21.537529 	 802388 
21.537991 	 787710 
21.538454 	 952431 
21.538801 	 973348 
21.548195 	 802388 
21.548658 	 787470 
21.549120 	 952431 
21.549467 	 973348 
21.558863 	 802139 
21.559324 	 787470 
21.559788 	 952090 
21.560135 	 973348 
21.569529 	 802388 
21.569992 	 787470 
21.570454 	 952431 
21.570801 	 973348 
21.580196 	 802139 
21.580658 	 787470 
21.581120 	 952431 
21.581467 	 973705 
21.590862 	 802388 
21.591324 	 787710 
21.591787 	 952431 
21.592134 	 973348 
21.601528 	 802388 
21.601992 	 787470 
21.602453 	 952431 
21.602800 	 973348 
21.612196 	 802139 
21.612658 	 787470 
21.613121 	 952090 
21.613468 	 973348 
21.622862 	 802388 
21.623325 	 787470 
21.623787 	 952431 
21.624134 	 973348 
21.633530 	 802139 
21.633991 	 787470 
21.634453 	 952431 
21.634800 	 973705 
21.644196 	 802388 
21.644657 	 787710 
21.645121 	 952431 
21.645468 	 973348 
21.654861 	 802388 
21.655325 	 787470 
21.655787 	 952431 
21.656134 	 973705 
21.665529 	 802139 
21.665991 	 787470 
21.666454 	 952090 
21.666801 	 973348 
21.676195 	 802388 
21.676659 	 787470 
21.677120 	 952431 
21.677467 	 973348 
21.686863 	 802139 
21.687325 	 787470 
21.687786 	 952431 
21.688133 	 973705 
21.697529 	 802388 
21.697990 	 787710 
21.698454 	 952431 
21.698801 	 973348 
21.708195 	 802388 
21.708658 	 787470 
21.709120 	 952431 
21.709467 	 973705 
21.718863 	 802139 
21.719324 	 787470 
21.719788 	 952431 
21.720135 	 973348 
21.729528 	 802388 
21.729992 	 787470 
21.730453 	 952431 
21.730801 	 973348 
21.740196 	 802139 
21.740658 	 787470 
21.741119 	 952431 
21.741467 	 973705 
21.750862 	 802388 
21.751324 	 787710 
21.751787 	 952431 
21.752134 	 973348 
21.761528 	 802388 
21.761992 	 787470 
21.762453 	 952431 
21.762800 	 973705 
21.772196 	 802139 
21.772657 	 787470 
21.773121 	 952431 
21.773468 	 973348 
21.782862 	 802388 
21.783325 	 787470 
21.783787 	 952431 
21.784134 	 973348 
21.793530 	 802139 
21.793991 	 787470 
21.794453 	 952431 
21.794802 	 973348 
21.804195 	 802388 
21.804657 	 787710 
21.805120 	 952431 
21.805468 	 973348 
21.814861 	 802388 
21.815325 	 787470 
21.815786 	 952431 
21.816133 	 973705 
21.825529 	 802139 
21.825991 	 787710 
21.826454 	 952431 
21.826801 	 973348 
21.836195 	 802388 
21.836658 	 787470 
21.837120 	 952431 
21.837467 	 973348 
21.846863 	 802139 
21.847324 	 787470 
21.847786 	 952431 
21.848135 	 973348 
21.857529 	 802388 
21.857990 	 787710 
21.858454 	 952431 
21.858801 	 973348 
21.868195 	 802388 
21.868658 	 787470 
21.869120 	 952431 
21.869467 	 973705 
21.878862 	 802388 
21.879324 	 787710 
21.879787 	 952431 
21.880135 	 973348 
21.889528 	 802388 
21.889992 	 787470 
21.890453 	 952431 
21.890800 	 973348 
21.900196 	 802139 
21.900658 	 787470 
21.901121 	 952090 
21.901468 	 973348 
21.910862 	 802388 
21.911324 	 787710 
21.911787 	 952431 
21.912134 	 973348 
21.921528 	 802388 
21.921991 	 787470 
21.922453 	 952431 
21.922800 	 973705 
21.932196 	 802388 
21.932657 	 787710 
21.933121 	 952431 
21.933468 	 973348 
21.942862 	 802388 
21.943325 	 787470 
21.943787 	 952431 
21.944134 	 973348 
21.953529 	 802139 
21.953991 	 787470 
21.954454 	 952090 
21.954802 	 973348 
21.964195 	 802388 
21.964659 	 787470 
21.965120 	 952431 
21.965467 	 973348 
21.974861 	 802388 
21.975325 	 787470 
21.975786 	 952431 
21.976133 	 973705 
21.985529 	 802388 
21.985991 	 787710 
21.986454 	 952431 
21.986801 	 973348 
21.996195 	 802388 
21.996658 	 787470 
21.997120 	 952431 
21.997467 	 973348 
22.006863 	 802139 
22.007324 	 787470 
22.007788 	 952090 
22.008135 	 973348 
22.017529 	 802388 
22.017992 	 787470 
22.018454 	 952431 
22.018801 	 973348 
22.028196 	 802139 
22.028658 	 787470 
22.029119 	 952431 
22.029467 	 973705 
22.038862 	 802388 
22.039324 	 787710 
22.039787 	 952431 
22.040134 	 973348 
22.049528 	 802388 
22.049992 	 787470 
22.050453 	 952431 
22.050800 	 973705 
22.060196 	 802139 
22.060658 	 787470 
22.061121 	 952090 
22.061468 	 973348 
22.070862 	 802388 
22.071325 	 787470 
22.071787 	 952431 
22.072134 	 973348 
22.081530 	 802139 
22.081991 	 787470 
22.082453 	 952431 
22.082800 	 973705 
22.092196 	 802388 
22.092657 	 787710 
22.093121 	 952431 
22.093468 	 973348 
22.102861 	 802388 
22.103325 	 787470 
22.103786 	 952431 
22.104134 	 973705 
22.113529 	 802139 
22.113991 	 787470 
22.114454 	 952090 
22.114801 	 973348 
22.124195 	 802388 
22.124659 	 787470 
22.125120 	 952431 
22.125467 	 973348 
22.134863 	 802139 
22.135324 	 787470 
22.135786 	 952431 
22.136133 	 973705 
22.145529 	 802388 
22.145990 	 787710 
22.146454 	 952431 
22.146801 	 973348 
22.156195 	 802388 
22.156658 	 787470 
22.157120 	 952431 
22.157467 	 973705 
22.166862 	 802139 
22.167324 	 787470 
22.167788 	 952431 
22.168135 	 973348 
22.177528 	 802388 
22.177992 	 787470 
22.178453 	 952431 
22.178801 	 973348 
22.188196 	 802139 
22.188658 	 787470 
22.189119 	 952431 
22.189466 	 973705 
22.198862 	 802388 
22.199324 	 787710 
22.199787 	 952431 
22.200134 	 973348 
22.209528 	 802388 
22.209991 	 787470 
22.210453 	 952431 
22.210800 	 973705 
22.220196 	 802139 
22.220657 	 787710 
22.221121 	 952431 
22.221468 	 973348 
22.230862 	 802388 
22.231325 	 787470 
22.231787 	 952431 
22.232134 	 973348 
22.241529 	 802139 
22.241991 	 787470 
22.242453 	 952431 
22.242802 	 973348 
22.252195 	 802388 
22.252657 	 787710 
22.253120 	 952431 
22.253468 	 973348 
22.262861 	 802388 
22.263325 	 787470 
22.263786 	 952431 
22.264133 	 973705 
22.273529 	 802139 
22.273991 	 787710 
22.274454 	 952431 
22.274801 	 973348 
22.284195 	 802388 
22.284658 	 787470 
22.285120 	 952431 
22.285467 	 973348 
22.294863 	 802139 
22.295324 	 787470 
22.295788 	 952090 
22.296135 	 973348 
22.305529 	 802388 
22.305990 	 787710 
22.306454 	 952431 
22.306801 	 973348 
22.316195 	 802388 
22.316658 	 787470 
22.317120 	 952431 
22.317467 	 973705 
22.326862 	 802388 
22.327324 	 787710 
22.327787 	 952431 
22.328135 	 973348 
22.337528 	 802388 
22.337992 	 787470 
22.338453 	 952431 
22.338800 	 973348 
22.348196 	 802139 
22.348658 	 787470 
22.349121 	 952090 
22.349468 	 973348 
22.358862 	 802388 
22.359325 	 787470 
22.359787 	 952431 
22.360134 	 973348 
22.369528 	 802388 
22.369991 	 787470 
22.370453 	 952431 
22.370800 	 973705 
22.380196 	 802388 
22.380657 	 787710 
22.381121 	 952431 
22.381468 	 973348 
22.390862 	 802388 
22.391325 	 787470 
22.391787 	 952431 
22.392134 	 973348 
22.401529 	 802139 
22.401991 	 787470 
22.402454 	 952090 
22.402802 	 973348 
22.412195 	 802388 
22.412659 	 787470 
22.413120 	 952431 
22.413467 	 973348 
22.422863 	 802139 
22.423325 	 787470 
22.423786 	 952431 
22.424133 	 973705 
22.433529 	 802388 
22.433990 	 787710 
22.434454 	 952431 
22.434801 	 973348 
22.444195 	 802388 
22.444658 	 787470 
22.445120 	 952431 
22.445467 	 973348 
22.454863 	 802139 
22.455324 	 787470 
22.455788 	 952090 
22.456135 	 973348 
22.465528 	 802388 
22.465992 	 787470 
22.466454 	 952431 
22.466801 	 973348 
22.476196 	 802139 
22.476658 	 787470 
22.477119 	 952431 
22.477467 	 973705 
22.486862 	 802388 
22.487324 	 787710 
22.487787 	 952431 
22.488134 	 973348 
22.497528 	 802388 
22.497992 	 787470 
22.498453 	 952431 
22.498800 	 973705 
22.508196 	 802139 
22.508657 	 787470 
22.509121 	 952090 
22.509468 	 973348 
22.518862 	 802388 
22.519325 	 787470 
22.519787 	 952431 
22.520134 	 973348 
22.529530 	 802139 
22.529991 	 787470 
22.530453 	 952431 
22.530800 	 973705 
22.540195 	 802388 
22.540657 	 787710 
22.541121 	 952431 
22.541468 	 973348 
22.550861 	 802388 
22.551325 	 787470 
22.551786 	 952431 
22.552134 	 973705 
22.561529 	 802139 
22.561991 	 787470 
22.562454 	 952431 
22.562801 	 973348 
22.572195 	 802388 
22.572659 	 787470 
22.573120 	 952431 
22.573467 	 973348 
22.582863 	 802139 
22.583324 	 787470 
22.583786 	 952431 
22.584133 	 973705 
22.593529 	 802388 
22.593990 	 787710 
22.594454 	 952431 
22.594801 	 973348 
22.604195 	 802388 
22.604658 	 787470 
22.605120 	 952431 
22.605467 	 973705 
22.614862 	 802139 
22.615324 	 787470 
22.615788 	 952431 
22.616135 	 973348 
22.625528 	 802388 
22.625992 	 787470 
22.626453 	 952431 
22.626801 	 973348 
22.636196 	 802139 
22.636658 	 787470 
22.637119 	 952431 
22.637466 	 973705 
22.646862 	 802388 
22.647324 	 787710 
22.647787 	 952431 
22.648134 	 973348 
22.657528 	 802388 
22.657991 	 787470 
22.658453 	 952431 
22.658800 	 973705 
22.668196 	 802139 
22.668657 	 787710 
22.669121 	 952431 
22.669468 	 973348 
22.678862 	 802388 
22.679325 	 787470 
22.679787 	 952431 
22.680134 	 973348 
22.689529 	 802139 
22.689991 	 787470 
22.690453 	 952431 
22.690802 	 973348 
22.700195 	 802388 
22.700657 	 787710 
22.701120 	 952431 
22.701468 	 973348 
22.710861 	 802388 
22.711325 	 787470 
22.711786 	 952431 
22.712133 	 973705 
22.721529 	 802388 
22.721991 	 787710 
22.722454 	 952431 
22.722801 	 973348 
22.732195 	 802388 
22.732658 	 787470 
22.733120 	 952431 
22.733467 	 973348 
22.742863 	 802139 
22.743324 	 787470 
22.743788 	 952090 
22.744135 	 973348 
22.753529 	 802388 
22.753990 	 787710 
22.754454 	 952431 
22.754801 	 973348 
22.764194 	 802388 
22.764658 	 787470 
22.765120 	 952431 
22.765467 	 973705 
22.774862 	 802388 
22.775324 	 787710 
22.775787 	 952431 
22.776134 	 973348 
22.785528 	 802388 
22.785992 	 787470 
22.786453 	 952431 
22.786800 	 973348 
22.796196 	 802139 
22.796658 	 787470 
22.797121 	 952090 
22.797468 	 973348 
22.806862 	 802388 
22.807325 	 787470 
22.807787 	 952431 
22.808134 	 973348 
22.817528 	 802388 
22.817991 	 787470 
22.818453 	 952431 
22.818800 	 973705 
22.828196 	 802388 
22.828657 	 787710 
22.829121 	 952431 
22.829468 	 973348 
22.838861 	 802388 
22.839325 	 787470 
22.839787 	 952431 
22.840134 	 973348 
22.849529 	 802139 
22.849991 	 787470 
22.850454 	 952090 
22.850801 	 973348 
22.860195 	 802388 
22.860659 	 787470 
22.861120 	 952431 
22.861467 	 973348 
22.870863 	 802139 
22.871325 	 787470 
22.871786 	 952431 
22.872133 	 973705 
22.881529 	 802388 
22.881990 	 787710 
22.882454 	 952431 
22.882801 	 973348 
22.892195 	 802388 
22.892658 	 787470 
22.893120 	 952431 
22.893467 	 973348 
22.902863 	 802139 
22.903324 	 787470 
22.903788 	 952090 
22.904135 	 973348 
22.913528 	 802388 
22.913992 	 787470 
22.914454 	 952431 
22.914801 	 973348 
22.924196 	 802139 
22.924658 	 787470 
22.925119 	 952431 
22.925467 	 973705 
22.934862 	 802388 
22.935324 	 787710 
22.935787 	 952431 
22.936134 	 973348 
22.945528 	 802388 
22.945992 	 787470 
22.946453 	 952431 
22.946800 	 973705 
22.956196 	 802139 
22.956657 	 787470 
22.957121 	 952090 
22.957468 	 973348 
22.966862 	 802388 
22.967325 	 787470 
22.967787 	 952431 
22.968134 	 973348 
22.977530 	 802139 
22.977991 	 787470 
22.978453 	 952431 
22.978800 	 973705 
22.988195 	 802388 
22.988657 	 787710 
22.989120 	 952431 
22.989468 	 973348 
22.998861 	 802388 
22.999325 	 787470 
22.999786 	 952431 
23.000134 	 973705 
23.009529 	 802139 
23.009991 	 787470 
23.010454 	 952431 
23.010801 	 973348 
23.020195 	 802388 
23.020658 	 787470 
23.021120 	 952431 
23.021467 	 973348 
23.030863 	 802139 
23.031324 	 787470 
23.031786 	 952431 
23.032133 	 973705 
23.041529 	 802388 
23.041990 	 787710 
23.042454 	 952431 
23.042801 	 973348 
23.052195 	 802388 
23.052658 	 787470 
23.053120 	 952431 
23.053467 	 973705 
23.062862 	 802139 
23.063324 	 787470 
23.063787 	 952431 
23.064135 	 973348 
23.073528 	 802388 
23.073992 	 787470 
23.074453 	 952431 
23.074800 	 973348 
23.084196 	 802139 
23.084658 	 787470 
23.085119 	 952431 
23.085468 	 973348 
23.094862 	 802388 
23.095324 	 787710 
23.095787 	 952431 
23.096134 	 973348 
23.105528 	 802388 
23.105991 	 787470 
23.106453 	 952431 
23.106800 	 973705 
23.116196 	 802139 
23.116657 	 787710 
23.117121 	 952431 
23.117468 	 973348 
23.126862 	 802388 
23.127325 	 787470 
23.127787 	 952431 
23.128134 	 973348 
23.137529 	 802139 
23.137991 	 787470 
23.138454 	 952090 
23.138802 	 973348 
23.148195 	 802388 
23.148657 	 787710 
23.149120 	 952431 
23.149467 	 973348 
23.158861 	 802388 
23.159325 	 787470 
23.159786 	 952431 
23.160133 	 973705 
23.169529 	 802388 
23.169991 	 787710 
23.170454 	 952431 
23.170801 	 973348 
23.180195 	 802388 
23.180658 	 787470 
23.181120 	 952431 
23.181467 	 973348 
23.190863 	 802139 
23.191324 	 787470 
23.191788 	 952090 
23.192135 	 973348 
23.201529 	 802388 
23.201992 	 787470 
23.202454 	 952431 
23.202801 	 973348 
23.212194 	 802388 
23.212658 	 787470 
23.213120 	 952431 
23.213467 	 973705 
23.222862 	 802388 
23.223324 	 787710 
23.223787 	 952431 
23.224134 	 973348 
23.233528 	 802388 
23.233992 	 787470 
23.234453 	 952431 
23.234800 	 973348 
23.244196 	 802139 
23.244658 	 787470 
23.245121 	 952090 
23.245468 	 973348 
23.254862 	 802388 
23.255325 	 787470 
23.255787 	 952431 
23.256134 	 973348 
23.265530 	 802139 
23.265991 	 787470 
23.266453 	 952431 
23.266800 	 973705 
23.276196 	 802388 
23.276657 	 787710 
23.277121 	 952431 
23.277468 	 973348 
23.286861 	 802388 
23.287325 	 787470 
23.287786 	 952431 
23.288134 	 973348 
23.297529 	 802139 
23.297991 	 787470 
23.298454 	 952090 
23.298801 	 973348 
23.308195 	 802388 
23.308659 	 787470 
23.309120 	 952431 
23.309467 	 973348 
23.318863 	 802139 
23.319324 	 787470 
23.319786 	 952431 
23.320133 	 973705 
23.329529 	 802388 
23.329990 	 787710 
23.330454 	 952431 
23.330801 	 973348 
23.340195 	 802388 
23.340658 	 787470 
23.341120 	 952431 
23.341467 	 973705 
23.350863 	 802139 
23.351324 	 787470 
23.351788 	 952090 
23.352135 	 973348 
23.361528 	 802388 
23.361992 	 787470 
23.362453 	 952431 
23.362801 	 973348 
23.372196 	 802139 
23.372658 	 787470 
23.373119 	 952431 
23.373466 	 973705 
23.382862 	 802388 
23.383324 	 787710 
23.383787 	 952431 
23.384134 	 973348 
23.393528 	 802388 
23.393991 	 787470 
23.394453 	 952431 
23.394800 	 973705 
23.404196 	 802139 
23.404657 	 787470 
23.405121 	 952431 
23.405468 	 973348 
23.414862 	 802388 
23.415325 	 787470 
23.415787 	 952431 
23.416134 	 973348 
23.425529 	 802139 
23.425991 	 787470 
23.426453 	 952431 
23.426800 	 973705 
23.436195 	 802388 
23.436657 	 787710 
23.437120 	 952431 
23.437468 	 973348 
23.446861 	 802388 
23.447325 	 787470 
23.447786 	 952431 
23.448133 	 973705 
23.457529 	 802139 
23.457991 	 787470 
23.458454 	 952431 
23.458801 	 973348 
23.468195 	 802388 
23.468658 	 787470 
23.469120 	 952431 
23.469467 	 973348 
23.478863 	 802139 
23.479324 	 787470 
23.479786 	 952431 
23.480133 	 973705 
23.489529 	 802388 
23.489990 	 787710 
23.490454 	 952431 
23.490801 	 973348 
23.500195 	 802388 
23.500658 	 787470 
23.501120 	 952431 
23.501467 	 973705 
23.510862 	 802139 
23.511324 	 787710 
23.511787 	 952431 
23.512135 	 973348 
23.521528 	 802388 
23.521992 	 787470 
23.522453 	 952431 
23.522800 	 973348 
23.532196 	 802139 
23.532658 	 787470 
23.533119 	 952431 
23.533468 	 973348 
23.542862 	 802388 
23.543324 	 787710 
23.543787 	 952431 
23.544134 	 973348 
23.553528 	 802388 
23.553991 	 787470 
23.554453 	 952431 
23.554800 	 973705 
23.564196 	 802388 
23.564657 	 787710 
23.565121 	 952431 
23.565468 	 973348 
23.574862 	 802388 
23.575325 	 787470 
23.575787 	 952431 
23.576134 	 973348 
23.585529 	 802139 
23.585991 	 787470 
23.586454 	 952090 
23.586802 	 973348 
23.596195 	 802388 
23.596657 	 787710 
23.597120 	 952431 
23.597467 	 973348 
23.606861 	 802388 
23.607325 	 787470 
23.607786 	 952431 
23.608133 	 973705 
23.617529 	 802388 
23.617990 	 787710 
23.618454 	 952431 
23.618801 	 973348 
23.628195 	 802388 
23.628658 	 787470 
23.629120 	 952431 
23.629467 	 973348 
23.638863 	 802139 
23.639324 	 787470 
23.639788 	 952090 
23.640135 	 973348 
23.649529 	 802388 
23.649992 	 787470 
23.650454 	 952431 
23.650801 	 973348 
23.660194 	 802388 
23.660658 	 787470 
23.661119 	 952431 
23.661467 	 973705 
23.670862 	 802388 
23.671324 	 787710 
23.671787 	 952431 
23.672134 	 973348 
23.681528 	 802388 
23.681992 	 787470 
23.682453 	 952431 
23.682800 	 973348 
23.692196 	 802139 
23.692657 	 787470 
23.693121 	 952090 
23.693468 	 973348 
23.702862 	 802388 
23.703325 	 787470 
23.703787 	 952431 
23.704134 	 973348 
23.713530 	 802139 
23.713991 	 787470 
23.714453 	 952431 
23.714800 	 973705 
23.724195 	 802388 
23.724657 	 787710 
23.725121 	 952431 
23.725468 	 973348 
23.734861 	 802388 
23.735325 	 787470 
23.735786 	 952431 
23.736134 	 973348 
23.745529 	 802139 
23.745991 	 787470 
23.746454 	 952090 
23.746801 	 973348 
23.756195 	 802388 
23.756659 	 787470 
23.757120 	 952431 
23.757467 	 973348 
23.766863 	 802139 
23.767324 	 787470 
23.767786 	 952431 
23.768133 	 973705 
23.777529 	 802388 
23.777990 	 787710 
23.778454 	 952431 
23.778801 	 973348 
23.788195 	 802388 
23.788658 	 787470 
23.789120 	 952431 
23.789467 	 973705 
23.798862 	 802139 
23.799324 	 787470 
23.799788 	 952090 
23.800135 	 973348 
23.809528 	 802388 
23.809992 	 787470 
23.810453 	 952431 
23.810801 	 973348 
23.820196 	 802139 
23.820658 	 787470 
23.821119 	 952431 
23.821466 	 973705 
23.830862 	 802388 
23.831324 	 787710 
23.831787 	 952431 
23.832134 	 973348 
23.841528 	 802388 
23.841991 	 787470 
23.842453 	 952431 
23.842800 	 973705 
23.852196 	 802139 
23.852657 	 787470 
23.853121 	 952431 
23.853468 	 973348 
23.862862 	 802388 
23.863325 	 787470 
23.863787 	 952431 
23.864134 	 973348 
23.873529 	 802139 
23.873991 	 787470 
23.874453 	 952431 
23.874800 	 973705 
23.884195 	 802388 
23.884657 	 787710 
23.885120 	 952431 
23.885468 	 973348 
23.894861 	 802388 
23.895325 	 787470 
23.895786 	 952431 
23.896133 	 973705 
23.905529 	 802139 
23.905991 	 787470 
23.906454 	 952431 
23.906801 	 973348 
23.916195 	 802388 
23.916658 	 787470 
23.917120 	 952431 
23.917467 	 973348 
23.926863 	 802139 
23.927324 	 787470 
23.927786 	 952431 
23.928135 	 973348 
23.937529 	 802388 
23.937990 	 787710 
23.938454 	 952431 
23.938801 	 973348 
23.948195 	 802388 
23.948658 	 787470 
23.949120 	 952431 
23.949467 	 973705 
23.958862 	 802139 
23.959324 	 787710 
23.959787 	 952431 
23.960135 	 973348 
23.969528 	 802388 
23.969992 	 787470 
23.970453 	 952431 
23.970800 	 973348 
23.980196 	 802139 
23.980658 	 787470 
23.981119 	 952431 
23.981468 	 973348 
23.990862 	 802388 
23.991323 	 787710 
23.991787 	 952431 
23.992134 	 973348 
24.001528 	 802388 
24.001991 	 787470 
24.002453 	 952431 
24.002800 	 973705 
24.012196 	 802388 
24.012657 	 787710 
24.013121 	 952431 
24.013468 	 973348 
24.022861 	 802388 
24.023325 	 787470 
24.023787 	 952431 
24.024134 	 973348 
24.033529 	 802139 
24.033991 	 787470 
24.034454 	 952090 
24.034801 	 973348 
24.044195 	 802388 
24.044657 	 787710 
24.045120 	 952431 
24.045467 	 973348 
24.054861 	 802388 
24.055325 	 787470 
24.055786 	 952431 
24.056133 	 973705 
24.065529 	 802388 
24.065990 	 787710 
24.066454 	 952431 
24.066801 	 973348 
24.076195 	 802388 
24.076658 	 787470 
24.077120 	 952431 
24.077467 	 973348 
24.086863 	 802139 
24.087324 	 787470 
24.087788 	 952090 
24.088135 	 973348 
24.097528 	 802388 
24.097992 	 787470 
24.098454 	 952431 
24.098801 	 973348 
24.108194 	 802388 
24.108658 	 787470 
24.109119 	 952431 
24.109467 	 973705 
24.118862 	 802388 
24.119324 	 787710 
24.119787 	 952431 
24.120134 	 973348 
24.129528 	 802388 
24.129992 	 787470 
24.130453 	 952431 
24.130800 	 973348 
24.140196 	 802139 
24.140657 	 787470 
24.141121 	 952090 
24.141468 	 973348 
24.150862 	 802388 
24.151325 	 787470 
24.151787 	 952431 
24.152134 	 973348 
24.161530 	 802139 
24.161991 	 787470 
24.162453 	 952431 
24.162800 	 973705 
24.172195 	 802388 
24.172657 	 787710 
24.173120 	 952431 
24.173468 	 973348 
24.182861 	 802388 
24.183325 	 787470 
24.183786 	 952431 
24.184134 	 973348 
24.193529 	 802139 
24.193991 	 787470 
24.194454 	 952090 
24.194801 	 973348 
24.204195 	 802388 
24.204659 	 787470 
24.205120 	 952431 
24.205467 	 973348 
24.214863 	 802139 
24.215324 	 787470 
24.215786 	 952431 
24.216133 	 973705 
24.225529 	 802388 
24.225990 	 787710 
24.226454 	 952431 
24.226801 	 973348 
24.236195 	 802388 
24.236658 	 787470 
24.237120 	 952431 
24.237467 	 973705 
24.246862 	 802139 
24.247324 	 787470 
24.247787 	 952090 
24.248135 	 973348 
24.257528 	 802388 
24.257992 	 787470 
24.258453 	 952431 
24.258801 	 973348 
24.268196 	 802139 
24.268658 	 787470 
24.269119 	 952431 
24.269466 	 973705 
24.278862 	 802388 
24.279324 	 787710 
24.279787 	 952431 
24.280134 	 973348 
24.289528 	 802388 
24.289991 	 787470 
24.290453 	 952431 
24.290800 	 973705 
24.300196 	 802139 
24.300657 	 787470 
24.301121 	 952431 
24.301468 	 973348 
24.310862 	 802388 
24.311325 	 787470 
24.311787 	 952431 
24.312134 	 973348 
24.321529 	 802139 
24.321991 	 787470 
24.322453 	 952431 
24.322800 	 973705 
24.332195 	 802388 
24.332657 	 787710 
24.333120 	 952431 
24.333467 	 973348 
24.342861 	 802388 
24.343325 	 787470 
24.343786 	 952431 
24.344133 	 973705 
24.353529 	 802139 
24.353991 	 787710 
24.354454 	 952431 
24.354801 	 973348 
24.364195 	 802388 
24.364658 	 787470 
24.365120 	 952431 
24.365467 	 973348 
24.374863 	 802139 
24.375324 	 787470 
24.375786 	 952431 
24.376135 	 973348 
24.385529 	 802388 
24.385990 	 787710 
24.386454 	 952431 
24.386801 	 973348 
24.396194 	 802388 
24.396658 	 787470 
24.397120 	 952431 
24.397467 	 973705 
24.406862 	 802139 
24.407324 	 787710 
24.407787 	 952431 
24.408134 	 973348 
24.417528 	 802388 
24.417992 	 787470 
24.418453 	 952431 
24.418800 	 973348 
24.428196 	 802139 
24.428658 	 787470 
24.429121 	 952090 
24.429468 	 973348 
24.438862 	 802388 
24.439323 	 787710 
24.439787 	 952431 
24.440134 	 973348 
24.449528 	 802388 
24.449991 	 787470 
24.450453 	 952431 
24.450800 	 973705 
24.460196 	 802388 
24.460657 	 787710 
24.461121 	 952431 
24.461468 	 973348 
24.470861 	 802388 
24.471325 	 787470 
24.471786 	 952431 
24.472134 	 973348 
24.481529 	 802139 
24.481991 	 787470 
24.482454 	 952090 
24.482801 	 973348 
24.492195 	 802388 
24.492659 	 787470 
24.493120 	 952431 
24.493467 	 973348 
24.502861 	 802388 
24.503325 	 787470 
24.503786 	 952431 
24.504133 	 973705 
24.513529 	 802388 
24.513990 	 787710 
24.514454 	 952431 
24.514801 	 973348 
24.524195 	 802388 
24.524658 	 787470 
24.525120 	 952431 
24.525467 	 973348 
24.534863 	 802139 
24.535324 	 787470 
24.535788 	 952090 
24.536135 	 973348 
24.545528 	 802388 
24.545992 	 787470 
24.546453 	 952431 
24.546801 	 973348 
24.556196 	 802139 
24.556658 	 787470 
24.557119 	 952431 
24.557467 	 973705 
24.566862 	 802388 
24.567324 	 787710 
24.567787 	 952431 
24.568134 	 973348 
24.577528 	 802388 
24.577991 	 787470 
24.578453 	 952431 
24.578800 	 973348 
24.588196 	 802139 
24.588657 	 787470 
24.589121 	 952090 
24.589468 	 973348 
24.598862 	 802388 
24.599325 	 787470 
24.599787 	 952431 
24.600134 	 973348 
24.609529 	 802139 
24.609991 	 787470 
24.610453 	 952431 
24.610800 	 973705 
24.620195 	 802388 
24.620657 	 787710 
24.621120 	 952431 
24.621468 	 973348 
24.630861 	 802388 
24.631325 	 787470 
24.631786 	 952431 
24.632133 	 973705 
24.641529 	 802139 
24.641991 	 787470 
24.642454 	 952090 
24.642801 	 973348 
24.652195 	 802388 
24.652658 	 787470 
24.653120 	 952431 
24.653467 	 973348 
24.662863 	 802139 
24.663324 	 787470 
24.663786 	 952431 
24.664133 	 973705 
24.673529 	 802388 
24.673990 	 787710 
24.674454 	 952431 
24.674801 	 973348 
24.684195 	 802388 
24.684658 	 787470 
24.685120 	 952431 
24.685467 	 973705 
24.694862 	 802139 
24.695324 	 787470 
24.695787 	 952431 
24.696135 	 973348 
24.705528 	 802388 
24.705992 	 787470 
24.706453 	 952431 
24.706800 	 973348 
24.716196 	 802139 
24.716658 	 787470 
24.717119 	 952431 
24.717466 	 973705 
24.726862 	 802388 
24.727324 	 787710 
24.727787 	 952431 
24.728134 	 973348 
24.737528 	 802388 
24.737991 	 787470 
24.738453 	 952431 
24.738800 	 973705 
24.748196 	 802139 
24.748657 	 787470 
24.749121 	 952431 
24.749468 	 973348 
24.758862 	 802388 
24.759325 	 787470 
24.759787 	 952431 
24.760134 	 973348 
24.769529 	 802139 
24.769991 	 787470 
24.770452 	 952431 
24.770800 	 973705 
24.780195 	 802388 
24.780657 	 787710 
24.781120 	 952431 
24.781467 	 973348 
24.790861 	 802388 
24.791325 	 787470 
24.791786 	 952431 
24.792133 	 973705 
24.801529 	 802139 
24.801991 	 787710 
24.802454 	 952431 
24.802801 	 973348 
24.812195 	 802388 
24.812658 	 787470 
24.813120 	 952431 
24.813467 	 973348 
24.822863 	 802139 
24.823324 	 787470 
24.823786 	 952431 
24.824135 	 973348 
24.833529 	 802388 
24.833990 	 787710 
24.834454 	 952431 
24.834801 	 973348 
24.844194 	 802388 
24.844658 	 787470 
24.845119 	 952431 
24.845467 	 973705 
24.854862 	 802388 
24.855324 	 787710 
24.855787 	 952431 
24.856134 	 973348 
24.865528 	 802388 
24.865992 	 787470 
24.866453 	 952431 
24.866800 	 973348 
24.876196 	 802139 
24.876657 	 787470 
24.877121 	 952090 
24.877468 	 973348 
24.886862 	 802388 
24.887323 	 787710 
24.887787 	 952431 
24.888134 	 973348 
24.897528 	 802388 
24.897991 	 787470 
24.898453 	 952431 
24.898800 	 973705 
24.908195 	 802388 
24.908657 	 787710 
24.909121 	 952431 
24.909468 	 973348 
24.918861 	 802388 
24.919325 	 787470 
24.919786 	 952431 
24.920134 	 973348 
24.929529 	 802139 
24.929991 	 787470 
24.930454 	 952090 
24.930801 	 973348 
24.940195 	 802388 
24.940659 	 787470 
24.941120 	 952431 
24.941467 	 973348 
24.950861 	 802388 
24.951324 	 787470 
24.951786 	 952431 
24.952133 	 973705 
24.961529 	 802388 
24.961990 	 787710 
24.962454 	 952431 
24.962801 	 973348 
24.972195 	 802388 
24.972658 	 787470 
24.973120 	 952431 
24.973467 	 973348 
24.982862 	 802139 
24.983324 	 787470 
24.983788 	 952090 
24.984135 	 973348 
24.993528 	 802388 
24.993992 	 787470 
24.994453 	 952431 
24.994801 	 973348 
25.004196 	 802139 
25.004658 	 787470 
25.005119 	 952431 
25.005466 	 973705 
25.014862 	 802388 
25.015324 	 787710 
25.015787 	 952431 
25.016134 	 973348 
25.025528 	 802388 
25.025991 	 787470 
25.026453 	 952431 
25.026800 	 973348 
25.036196 	 802139 
25.036657 	 787470 
25.037121 	 952090 
25.037468 	 973348 
25.046862 	 802388 
25.047325 	 787470 
25.047787 	 952431 
25.048134 	 973348 
25.057529 	 802139 
25.057991 	 787470 
25.058453 	 952431 
25.058800 	 973705 
25.068195 	 802388 
25.068657 	 787710 
25.069120 	 952431 
25.069468 	 973348 
25.078861 	 802388 
25.079325 	 787470 
25.079786 	 952431 
25.080133 	 973705 
25.089529 	 802139 
25.089991 	 787470 
25.090454 	 952090 
25.090801 	 973348 
25.100195 	 802388 
25.100658 	 787470 
25.101120 	 952431 
25.101467 	 973348 
25.110863 	 802139 
25.111324 	 787470 
25.111786 	 952431 
25.112133 	 973705 
25.121529 	 802388 
25.121990 	 787710 
25.122454 	 952431 
25.122801 	 973348 
25.132195 	 802388 
25.132658 	 787470 
25.133120 	 952431 
25.133467 	 973705 
25.142862 	 802139 
25.143324 	 787470 
25.143787 	 952431 
25.144135 	 973348 
25.153528 	 802388 
25.153992 	 787470 
25.154453 	 952431 
25.154800 	 973348 
25.164196 	 802139 
25.164658 	 787470 
25.165119 	 952431 
25.165466 	 973705 
25.174862 	 802388 
25.175323 	 787710 
25.175787 	 952431 
25.176134 	 973348 
25.185528 	 802388 
25.185991 	 787470 
25.186453 	 952431 
25.186800 	 973705 
25.196196 	 802139 
25.196657 	 787470 
25.197121 	 952431 
25.197468 	 973348 
25.206861 	 802388 
25.207325 	 787470 
25.207787 	 952431 
25.208134 	 973348 
25.217529 	 802139 
25.217991 	 787470 
25.218452 	 952431 
25.218801 	 973348 
25.228195 	 802388 
25.228657 	 787710 
25.229120 	 952431 
25.229467 	 973348 
25.238861 	 802388 
25.239325 	 787470 
25.239786 	 952431 
25.240133 	 973705 
25.249529 	 802139 
25.249990 	 787710 
25.250454 	 952431 
25.250801 	 973348 
25.260195 	 802388 
25.260658 	 787470 
25.261120 	 952431 
25.261467 	 973348 
25.270863 	 802139 
25.271324 	 787470 
25.271786 	 952431 
25.272135 	 973348 
25.281528 	 802388 
25.281990 	 787710 
25.282454 	 952431 
25.282801 	 973348 
25.292194 	 802388 
25.292658 	 787470 
25.293119 	 952431 
25.293467 	 973705 
25.302862 	 802388 
25.303324 	 787710 
25.303787 	 952431 
25.304134 	 973348 
25.313528 	 802388 
25.313992 	 787470 
25.314453 	 952431 
25.314800 	 973348 
25.324196 	 802139 
25.324657 	 787470 
25.325121 	 952090 
25.325468 	 973348 
25.334862 	 802388 
25.335323 	 787710 
25.335787 	 952431 
25.336134 	 973348 
25.345528 	 802388 
25.345991 	 787470 
25.346453 	 952431 
25.346800 	 973705 
25.356195 	 802388 
25.356657 	 787710 
25.357121 	 952431 
25.357468 	 973348 
25.366861 	 802388 
25.367325 	 787470 
25.367786 	 952431 
25.368134 	 973348 
25.377529 	 802139 
25.377991 	 787470 
25.378454 	 952090 
25.378801 	 973348 
25.388195 	 802388 
25.388659 	 787470 
25.389120 	 952431 
25.389467 	 973348 
25.398861 	 802388 
25.399324 	 787470 
25.399786 	 952431 
25.400133 	 973705 
25.409529 	 802388 
25.409990 	 787710 
25.410454 	 952431 
25.410801 	 973348 
25.420195 	 802388 
25.420658 	 787470 
25.421120 	 952431 
25.421467 	 973348 
25.430862 	 802139 
25.431324 	 787470 
25.431787 	 952090 
25.432135 	 973348 
25.441528 	 802388 
25.441992 	 787470 
25.442453 	 952431 
25.442801 	 973348 
25.452196 	 802139 
25.452658 	 787470 
25.453119 	 952431 
25.453466 	 973705 
25.462862 	 802388 
25.463324 	 787710 
25.463787 	 952431 
25.464134 	 973348 
25.473528 	 802388 
25.473991 	 787470 
25.474453 	 952431 
25.474800 	 973705 
25.484196 	 802139 
25.484657 	 787470 
25.485121 	 952090 
25.485468 	 973348 
25.494862 	 802388 
25.495325 	 787470 
25.495787 	 952431 
25.496134 	 973348 
25.505529 	 802139 
25.505991 	 787470 
25.506453 	 952431 
25.506800 	 973705 
25.516195 	 802388 
25.516657 	 787710 
25.517120 	 952431 
25.517467 	 973348 
25.526861 	 802388 
25.527325 	 787470 
25.527786 	 952431 
25.528133 	 973705 
25.537529 	 802139 
25.537991 	 787470 
25.538454 	 952090 
25.538801 	 973348 
25.548195 	 802388 
25.548658 	 787470 
25.549120 	 952431 
25.549467 	 973348 
25.558863 	 802139 
25.559324 	 787470 
25.559786 	 952431 
25.560133 	 973705 
25.569529 	 802388 
25.569990 	 787710 
25.570454 	 952431 
25.570801 	 973348 
25.580194 	 802388 
25.580658 	 787470 
25.581120 	 952431 
25.581467 	 973705 
25.590862 	 802139 
25.591324 	 787470 
25.591787 	 952431 
25.592134 	 973348 
25.601528 	 802388 
25.601992 	 787470 
25.602453 	 952431 
25.602800 	 973348 
25.612196 	 802139 
25.612658 	 787470 
25.613119 	 952431 
25.613466 	 973705 
25.622862 	 802388 
25.623323 	 787710 
25.623787 	 952431 
25.624134 	 973348 
25.633528 	 802388 
25.633991 	 787470 
25.634453 	 952431 
25.634800 	 973705 
25.644196 	 802139 
25.644657 	 787710 
25.645121 	 952431 
25.645468 	 973348 
25.654861 	 802388 
25.655325 	 787470 
25.655787 	 952431 
25.656134 	 973348 
25.665529 	 802139 
25.665991 	 787470 
25.666452 	 952431 
25.666801 	 973348 
25.676195 	 802388 
25.676657 	 787710 
25.677120 	 952431 
25.677467 	 973348 
25.686861 	 802388 
25.687325 	 787470 
25.687786 	 952431 
25.688133 	 973705 
25.697529 	 802139 
25.697990 	 787710 
25.698454 	 952431 
25.698801 	 973348 
25.708195 	 802388 
25.708658 	 787470 
25.709120 	 952431 
25.709467 	 973348 
25.718863 	 802139 
25.719324 	 787470 
25.719788 	 952090 
25.720135 	 973348 
25.729528 	 802388 
25.729990 	 787710 
25.730453 	 952431 
25.730801 	 973348 
25.740194 	 802388 
25.740658 	 787470 
25.741119 	 952431 
25.741467 	 973705 
25.750862 	 802388 
25.751324 	 787710 
25.751787 	 952431 
25.752134 	 973348 
25.761528 	 802388 
25.761992 	 787470 
25.762453 	 952431 
25.762800 	 973348 
25.772196 	 802139 
25.772657 	 787470 
25.773121 	 952090 
25.773468 	 973348 
25.782862 	 802388 
25.783325 	 787470 
25.783787 	 952431 
25.784134 	 973348 
25.793528 	 802388 
25.793991 	 787470 
25.794453 	 952431 
25.794800 	 973705 
25.804195 	 802388 
25.804657 	 787710 
25.805120 	 952431 
25.805468 	 973348 
25.814861 	 802388 
25.815325 	 787470 
25.815786 	 952431 
25.816133 	 973348 
25.825529 	 802139 
25.825991 	 787470 
25.826454 	 952090 
25.826801 	 973348 
25.836195 	 802388 
25.836658 	 787470 
25.837120 	 952431 
25.837467 	 973348 
25.846863 	 802139 
25.847324 	 787470 
25.847786 	 952431 
25.848133 	 973705 
25.857529 	 802388 
25.857990 	 787710 
25.858454 	 952431 
25.858801 	 973348 
25.868195 	 802388 
25.868658 	 787470 
25.869120 	 952431 
25.869467 	 973348 
25.878862 	 802139 
25.879324 	 787470 
25.879787 	 952090 
25.880135 	 973348 
25.889528 	 802388 
25.889992 	 787470 
25.890453 	 952431 
25.890800 	 973348 
25.900196 	 802139 
25.900658 	 787470 
25.901119 	 952431 
25.901466 	 973705 
25.910862 	 802388 
25.911324 	 787710 
25.911787 	 952431 
25.912134 	 973348 
25.921528 	 802388 
25.921991 	 787470 
25.922453 	 952431 
25.922800 	 973705 
25.932196 	 802139 
25.932657 	 787470 
25.933121 	 952090 
25.933468 	 973348 
25.942862 	 802388 
25.943325 	 787470 
25.943787 	 952431 
25.944134 	 973348 
25.953529 	 802139 
25.953991 	 787470 
25.954453 	 952431 
25.954800 	 973705 
25.964195 	 802388 
25.964657 	 787710 
25.965120 	 952431 
25.965467 	 973348 
25.974861 	 802388 
25.975325 	 787470 
25.975786 	 952431 
25.976133 	 973705 
25.985529 	 802139 
25.985991 	 787470 
25.986454 	 952431 
25.986801 	 973348 
25.996195 	 802388 
25.996658 	 787470 
25.997120 	 952431 
25.997467 	 973348 
26.006863 	 802139 
26.007324 	 787470 
26.007786 	 952431 
26.008133 	 973705 
26.017529 	 802388 
26.017990 	 787710 
26.018454 	 952431 
26.018801 	 973348 
26.028194 	 802388 
26.028658 	 787470 
26.029119 	 952431 
26.029467 	 973705 
26.038862 	 802139 
26.039324 	 787470 
26.039787 	 952431 
26.040134 	 973348 
26.049528 	 802388 
26.049992 	 787470 
26.050453 	 952431 
26.050800 	 973348 
26.060196 	 802139 
26.060658 	 787470 
26.061119 	 952431 
26.061466 	 973705 
26.070862 	 802388 
26.071323 	 787710 
26.071787 	 952431 
26.072134 	 973348 
26.081528 	 802388 
26.081991 	 787470 
26.082453 	 952431 
26.082800 	 973705 
26.092196 	 802139 
26.092657 	 787710 
26.093121 	 952431 
26.093468 	 973348 
26.102861 	 802388 
26.103325 	 787470 
26.103786 	 952431 
26.104134 	 973348 
26.113529 	 802139 
26.113991 	 787470 
26.114452 	 952431 
26.114801 	 973348 
26.124195 	 802388 
26.124657 	 787710 
26.125120 	 952431 
26.125467 	 973348 
26.134861 	 802388 
26.135324 	 787470 
26.135786 	 952431 
26.136133 	 973705 
26.145529 	 802388 
26.145990 	 787710 
26.146454 	 952431 
26.146801 	 973348 
26.156195 	 802388 
26.156658 	 787470 
26.157120 	 952431 
26.157467 	 973348 
26.166862 	 802139 
26.167324 	 787470 
26.167788 	 952090 
26.168135 	 973348 
26.177528 	 802388 
26.177990 	 787710 
26.178453 	 952431 
26.178801 	 973348 
26.188194 	 802388 
26.188658 	 787470 
26.189119 	 952431 
26.189466 	 973705 
26.198862 	 802388 
26.199324 	 787710 
26.199787 	 952431 
26.200134 	 973348 
26.209528 	 802388 
26.209991 	 787470 
26.210453 	 952431 
26.210800 	 973348 
26.220196 	 802139 
26.220657 	 787470 
26.221121 	 952090 
26.221468 	 973348 
26.230862 	 802388 
26.231325 	 787470 
26.231787 	 952431 
26.232134 	 973348 
26.241528 	 802388 
26.241991 	 787470 
26.242453 	 952431 
26.242800 	 973705 
26.252195 	 802388 
26.252657 	 787710 
26.253120 	 952431 
26.253468 	 973348 
26.262861 	 802388 
26.263325 	 787470 
26.263786 	 952431 
26.264133 	 973348 
26.273529 	 802139 
26.273991 	 787470 
26.274454 	 952090 
26.274801 	 973348 
26.284195 	 802388 
26.284658 	 787470 
26.285120 	 952431 
26.285467 	 973348 
26.294863 	 802139 
26.295324 	 787470 
26.295786 	 952431 
26.296133 	 973705 
26.305529 	 802388 
26.305990 	 787710 
26.306454 	 952431 
26.306801 	 973348 
26.316195 	 802388 
26.316658 	 787470 
26.317120 	 952431 
26.317467 	 973348 
26.326862 	 802139 
26.327324 	 787470 
26.327787 	 952090 
26.328135 	 973348 
26.337528 	 802388 
26.337992 	 787470 
26.338453 	 952431 
26.338800 	 973348 
26.348196 	 802139 
26.348658 	 787470 
26.349119 	 952431 
26.349466 	 973705 
26.358862 	 802388 
26.359324 	 787710 
26.359787 	 952431 
26.360134 	 973348 
26.369528 	 802388 
26.369991 	 787470 
26.370453 	 952431 
26.370800 	 973705 
26.380196 	 802139 
26.380657 	 787470 
26.381121 	 952090 
26.381468 	 973348 
26.390862 	 802388 
26.391325 	 787470 
26.391787 	 952431 
26.392134 	 973348 
26.401529 	 802139 
26.401991 	 787470 
26.402452 	 952431 
26.402800 	 973705 
26.412195 	 802388 
26.412657 	 787710 
26.413120 	 952431 
26.413467 	 973348 
26.422861 	 802388 
26.423325 	 787470 
26.423786 	 952431 
26.424133 	 973705 
26.433529 	 802139 
26.433990 	 787470 
26.434454 	 952431 
26.434801 	 973348 
26.444195 	 802388 
26.444658 	 787470 
26.445120 	 952431 
26.445467 	 973348 
26.454863 	 802139 
26.455324 	 787470 
26.455786 	 952431 
26.456133 	 973705 
26.465528 	 802388 
26.465990 	 787710 
26.466454 	 952431 
26.466801 	 973348 
26.476194 	 802388 
26.476658 	 787470 
26.477119 	 952431 
26.477467 	 973705 
26.486862 	 802139 
26.487324 	 787470 
26.487787 	 952431 
26.488134 	 973348 
26.497528 	 802388 
26.497992 	 787470 
26.498453 	 952431 
26.498800 	 973348 
26.508196 	 802139 
26.508657 	 787470 
26.509119 	 952431 
26.509468 	 973348 
26.518862 	 802388 
26.519323 	 787710 
26.519787 	 952431 
26.520134 	 973348 
26.529528 	 802388 
26.529991 	 787470 
26.530453 	 952431 
26.530800 	 973705 
26.540195 	 802139 
26.540657 	 787710 
26.541121 	 952431 
26.541468 	 973348 
26.550861 	 802388 
26.551325 	 787470 
26.551786 	 952431 
26.552134 	 973348 
26.561529 	 802139 
26.561991 	 787470 
26.562454 	 952090 
26.562801 	 973348 
26.572195 	 802388 
26.572657 	 787710 
26.573120 	 952431 
26.573467 	 973348 
26.582861 	 802388 
26.583324 	 787470 
26.583786 	 952431 
26.584133 	 973705 
26.593529 	 802388 
26.593990 	 787710 
26.594454 	 952431 
26.594801 	 973348 
26.604195 	 802388 
26.604658 	 787470 
26.605120 	 952431 
26.605467 	 973348 
26.614862 	 802139 
26.615324 	 787470 
26.615788 	 952090 
26.616135 	 973348 
26.625528 	 802388 
26.625992 	 787470 
26.626453 	 952431 
26.626801 	 973348 
26.636194 	 802388 
26.636658 	 787470 
26.637119 	 952431 
26.637466 	 973705 
26.646862 	 802388 
26.647324 	 787710 
26.647787 	 952431 
26.648134 	 973348 
26.657528 	 802388 
26.657991 	 787470 
26.658453 	 952431 
26.658800 	 973348 
26.668196 	 802139 
26.668657 	 787470 
26.669121 	 952090 
26.669468 	 973348 
26.678862 	 802388 
26.679325 	 787470 
26.679787 	 952431 
26.680134 	 973348 
26.689528 	 802388 
26.689991 	 787470 
26.690453 	 952431 
26.690800 	 973705 
26.700195 	 802388 
26.700657 	 787710 
26.701120 	 952431 
26.701468 	 973348 
26.710861 	 802388 
26.711325 	 787470 
26.711786 	 952431 
26.712133 	 973348 
26.721529 	 802139 
26.721991 	 787470 
26.722454 	 952090 
26.722801 	 973348 
26.732195 	 802388 
26.732658 	 787470 
26.733120 	 952431 
26.733467 	 973348 
26.742863 	 802139 
26.743324 	 787470 
26.743786 	 952431 
26.744133 	 973705 
26.753529 	 802388 
26.753990 	 787710 
26.754454 	 952431 
26.754801 	 973348 
26.764194 	 802388 
26.764658 	 787470 
26.765120 	 952431 
26.765467 	 973705 
26.774862 	 802139 
26.775324 	 787470 
26.775787 	 952090 
26.776134 	 973348 
26.785528 	 802388 
26.785992 	 787470 
26.786453 	 952431 
26.786800 	 973348 
26.796196 	 802139 
26.796658 	 787470 
26.797119 	 952431 
26.797466 	 973705 
26.806862 	 802388 
26.807323 	 787710 
26.807787 	 952431 
26.808134 	 973348 
26.817528 	 802388 
26.817991 	 787470 
26.818453 	 952431 
26.818800 	 973705 
26.828196 	 802139 
26.828657 	 787470 
26.829121 	 952431 
26.829468 	 973348 
26.838861 	 802388 
26.839325 	 787470 
26.839787 	 952431 
26.840134 	 973348 
26.849529 	 802139 
26.849991 	 787470 
26.850452 	 952431 
26.850800 	 973705 
26.860195 	 802388 
26.860657 	 787710 
26.861120 	 952431 
26.861467 	 973348 
26.870861 	 802388 
26.871325 	 787470 
26.871786 	 952431 
26.872133 	 973705 
26.881529 	 802139 
26.881990 	 787470 
26.882454 	 952431 
26.882801 	 973348 
26.892195 	 802388 
26.892658 	 787470 
26.893120 	 952431 
26.893467 	 973348 
26.902863 	 802139 
26.903324 	 787470 
26.903786 	 952431 
26.904133 	 973705 
26.913528 	 802388 
26.913990 	 787710 
26.914454 	 952431 
26.914801 	 973348 
26.924194 	 802388 
26.924658 	 787470 
26.925119 	 952431 
26.925467 	 973705 
26.934862 	 802139 
26.935324 	 787710 
26.935787 	 952431 
26.936134 	 973348 
26.945528 	 802388 
26.945992 	 787470 
26.946453 	 952431 
26.946800 	 973348 
26.956196 	 802139 
26.956657 	 787470 
26.957119 	 952431 
26.957468 	 973348 
26.966862 	 802388 
26.967323 	 787710 
26.967787 	 952431 
26.968134 	 973348 
26.977528 	 802388 
26.977991 	 787470 
26.978453 	 952431 
26.978800 	 973705 
26.988195 	 802388 
26.988657 	 787710 
26.989120 	 952431 
26.989468 	 973348 
26.998861 	 802388 
26.999325 	 787470 
26.999786 	 952431 
27.000134 	 973348 
27.009529 	 802139 
27.009991 	 787470 
27.010454 	 952090 
27.010801 	 973348 
27.020195 	 802388 
27.020657 	 787710 
27.021120 	 952431 
27.021467 	 973348 
27.030861 	 802388 
27.031324 	 787470 
27.031786 	 952431 
27.032133 	 973705 
27.041529 	 802388 
27.041990 	 787710 
27.042454 	 952431 
27.042801 	 973348 
27.052195 	 802388 
27.052658 	 787470 
27.053120 	 952431 
27.053467 	 973348 
27.062862 	 802139 
27.063324 	 787470 
27.063787 	 952090 
27.064135 	 973348 
27.073528 	 802388 
27.073992 	 787470 
27.074453 	 952431 
27.074800 	 973348 
27.084194 	 802388 
27.084658 	 787470 
27.085119 	 952431 
27.085466 	 973705 
27.094862 	 802388 
27.095324 	 787710 
27.095787 	 952431 
27.096134 	 973348 
27.105528 	 802388 
27.105991 	 787470 
27.106453 	 952431 
27.106800 	 973348 
27.116196 	 802139 
27.116657 	 787470 
27.117121 	 952090 
27.117468 	 973348 
27.126862 	 802388 
27.127325 	 787470 
27.127787 	 952431 
27.128134 	 973348 
27.137529 	 802139 
27.137991 	 787470 
27.138453 	 952431 
27.138800 	 973705 
27.148195 	 802388 
27.148657 	 787710 
27.149120 	 952431 
27.149467 	 973348 
27.158861 	 802388 
27.159325 	 787470 
27.159786 	 952431 
27.160133 	 973348 
27.169529 	 802139 
27.169991 	 787470 
27.170454 	 952090 
27.170801 	 973348 
27.180195 	 802388 
27.180658 	 787470 
27.181120 	 952431 
27.181467 	 973348 
27.190863 	 802139 
27.191324 	 787470 
27.191786 	 952431 
27.192133 	 973705 
27.201529 	 802388 
27.201990 	 787710 
27.202454 	 952431 
27.202801 	 973348 
27.212194 	 802388 
27.212658 	 787470 
27.213120 	 952431 
27.213467 	 973705 
27.222862 	 802139 
27.223324 	 787470 
27.223787 	 952090 
27.224134 	 973348 
27.233528 	 802388 
27.233992 	 787470 
27.234453 	 952431 
27.234800 	 973348 
27.244196 	 802139 
27.244658 	 787470 
27.245119 	 952431 
27.245466 	 973705 
27.254862 	 802388 
27.255323 	 787710 
27.255787 	 952431 
27.256134 	 973348 
27.265528 	 802388 
27.265991 	 787470 
27.266453 	 952431 
27.266800 	 973705 
27.276196 	 802139 
27.276657 	 787470 
27.277121 	 952431 
27.277468 	 973348 
27.286861 	 802388 
27.287325 	 787470 
27.287786 	 952431 
27.288134 	 973348 
27.297529 	 802139 
27.297991 	 787470 
27.298452 	 952431 
27.298800 	 973705 
27.308195 	 802388 
27.308657 	 787710 
27.309120 	 952431 
27.309467 	 973348 
27.318861 	 802388 
27.319324 	 787470 
27.319786 	 952431 
27.320133 	 973705 
27.329529 	 802139 
27.329990 	 787470 
27.330454 	 952431 
27.330801 	 973348 
27.340195 	 802388 
27.340658 	 787470 
27.341120 	 952431 
27.341467 	 973348 
27.350863 	 802139 
27.351324 	 787470 
27.351786 	 952431 
27.352135 	 973348 
27.361528 	 802388 
27.361990 	 787710 
27.362453 	 952431 
27.362801 	 973348 
27.372194 	 802388 
27.372658 	 787470 
27.373119 	 952431 
27.373466 	 973705 
27.382862 	 802139 
27.383324 	 787710 
27.383787 	 952431 
27.384134 	 973348 
27.393528 	 802388 
27.393991 	 787470 
27.394453 	 952431 
27.394800 	 973348 
27.404196 	 802139 
27.404657 	 787470 
27.405119 	 952431 
27.405468 	 973348 
27.414862 	 802388 
27.415323 	 787710 
27.415787 	 952431 
27.416134 	 973348 
27.425528 	 802388 
27.425991 	 787470 
27.426453 	 952431 
27.426800 	 973705 
27.436195 	 802388 
27.436657 	 787710 
27.437120 	 952431 
27.437468 	 973348 
27.446861 	 802388 
27.447325 	 787470 
27.447786 	 952431 
27.448133 	 973348 
27.457529 	 802139 
27.457991 	 787470 
27.458454 	 952090 
27.458801 	 973348 
27.468195 	 802388 
27.468657 	 787710 
27.469120 	 952431 
27.469467 	 973348 
27.478861 	 802388 
27.479324 	 787470 
27.479786 	 952431 
27.480133 	 973705 
27.489529 	 802388 
27.489990 	 787710 
27.490454 	 952431 
27.490801 	 973348 
27.500195 	 802388 
27.500658 	 787470 
27.501120 	 952431 
27.501467 	 973348 
27.510862 	 802139 
27.511324 	 787470 
27.511787 	 952090 
27.512135 	 973348 
27.521528 	 802388 
27.521992 	 787470 
27.522453 	 952431 
27.522800 	 973348 
27.532194 	 802388 
27.532658 	 787470 
27.533119 	 952431 
27.533466 	 973705 
27.542862 	 802388 
27.543324 	 787710 
27.543787 	 952431 
27.544134 	 973348 
27.553528 	 802388 
27.553991 	 787470 
27.554453 	 952431 
27.554800 	 973348 
27.564196 	 802139 
27.564657 	 787470 
27.565121 	 952090 
27.565468 	 973348 
27.574862 	 802388 
27.575325 	 787470 
27.575787 	 952431 
27.576134 	 973348 
27.585529 	 802139 
27.585991 	 787470 
27.586452 	 952431 
27.586800 	 973705 
27.596195 	 802388 
27.596657 	 787710 
27.597120 	 952431 
27.597467 	 973348 
27.606861 	 802388 
27.607325 	 787470 
27.607786 	 952431 
27.608133 	 973348 
27.617529 	 802139 
27.617990 	 787470 
27.618454 	 952090 
27.618801 	 973348 
27.628195 	 802388 
27.628658 	 787470 
27.629120 	 952431 
27.629467 	 973348 
27.638863 	 802139 
27.639324 	 787470 
27.639786 	 952431 
27.640133 	 973705 
27.649529 	 802388 
27.649990 	 787710 
27.650454 	 952431 
27.650801 	 973348 
27.660194 	 802388 
27.660658 	 787470 
27.661119 	 952431 
27.661467 	 973705 
27.670862 	 802139 
27.671324 	 787470 
27.671787 	 952090 
27.672134 	 973348 
27.681528 	 802388 
27.681992 	 787470 
27.682453 	 952431 
27.682800 	 973348 
27.692196 	 802139 
27.692657 	 787470 
27.693119 	 952431 
27.693466 	 973705 
27.702862 	 802388 
27.703323 	 787710 
27.703787 	 952431 
27.704134 	 973348 
27.713528 	 802388 
27.713991 	 787470 
27.714453 	 952431 
27.714800 	 973705 
27.724195 	 802139 
27.724657 	 787470 
27.725121 	 952431 
27.725468 	 973348 
27.734861 	 802388 
27.735325 	 787470 
27.735786 	 952431 
27.736134 	 973348 
27.745529 	 802139 
27.745991 	 787470 
27.746452 	 952431 
27.746799 	 973705 
27.756195 	 802388 
27.756657 	 787710 
27.757120 	 952431 
27.757467 	 973348 
27.766861 	 802388 
27.767324 	 787470 
27.767786 	 952431 
27.768133 	 973705 
27.777529 	 802139 
27.777990 	 787710 
27.778454 	 952431 
27.778801 	 973348 
27.788195 	 802388 
27.788658 	 787470 
27.789120 	 952431 
27.789467 	 973348 
27.798862 	 802139 
27.799324 	 787470 
27.799786 	 952431 
27.800135 	 973348 
27.809528 	 802388 
27.809990 	 787710 
27.810453 	 952431 
27.810801 	 973348 
27.820194 	 802388 
27.820658 	 787470 
27.821119 	 952431 
27.821466 	 973705 
27.830862 	 802139 
27.831324 	 787710 
27.831787 	 952431 
27.832134 	 973348 
27.841528 	 802388 
27.841991 	 787470 
27.842453 	 952431 
27.842800 	 973348 
27.852196 	 802139 
27.852657 	 787470 
27.853121 	 952090 
27.853468 	 973348 
27.862862 	 802388 
27.863323 	 787710 
27.863787 	 952431 
27.864134 	 973348 
27.873528 	 802388 
27.873991 	 787470 
27.874453 	 952431 
27.874800 	 973705 
27.884195 	 802388 
27.884657 	 787710 
27.885120 	 952431 
27.885468 	 973348 
27.894861 	 802388 
27.895325 	 787470 
27.895786 	 952431 
27.896133 	 973348 
27.905529 	 802139 
27.905991 	 787470 
27.906454 	 952090 
27.906801 	 973348 
27.916195 	 802388 
27.916658 	 787470 
27.917120 	 952431 
27.917467 	 973348 
27.926861 	 802388 
27.927324 	 787470 
27.927786 	 952431 
27.928133 	 973705 
27.937529 	 802388 
27.937990 	 787710 
27.938454 	 952431 
27.938801 	 973348 
27.948195 	 802388 
27.948658 	 787470 
27.949120 	 952431 
27.949467 	 973348 
27.958862 	 802139 
27.959324 	 787470 
27.959787 	 952090 
27.960135 	 973348 
27.969528 	 802388 
27.969992 	 787470 
27.970453 	 952431 
27.970800 	 973348 
27.980196 	 802139 
27.980658 	 787470 
27.981119 	 952431 
27.981466 	 973705 
27.990862 	 802388 
27.991323 	 787710 
27.991787 	 952431 
27.992134 	 973348 
28.001528 	 802388 
28.001991 	 787470 
28.002453 	 952431 
28.002800 	 973348 
28.012196 	 802139 
28.012657 	 787470 
28.013121 	 952090 
28.013468 	 973348 
28.022861 	 802388 
28.023325 	 787470 
28.023787 	 952431 
28.024134 	 973348 
28.033529 	 802139 
28.033991 	 787470 
28.034452 	 952431 
28.034800 	 973705 
28.044195 	 802388 
28.044657 	 787710 
28.045120 	 952431 
28.045467 	 973348 
28.054861 	 802388 
28.055325 	 787470 
28.055786 	 952431 
28.056133 	 973705 
28.065529 	 802139 
28.065990 	 787470 
28.066454 	 952090 
28.066801 	 973348 
28.076195 	 802388 
28.076658 	 787470 
28.077120 	 952431 
28.077467 	 973348 
28.086863 	 802139 
28.087324 	 787470 
28.087786 	 952431 
28.088133 	 973705 
28.097528 	 802388 
28.097990 	 787710 
28.098454 	 952431 
28.098801 	 973348 
28.108194 	 802388 
28.108658 	 787470 
28.109119 	 952431 
28.109467 	 973705 
28.118862 	 802139 
28.119324 	 787470 
28.119787 	 952431 
28.120134 	 973348 
28.129528 	 802388 
28.129992 	 787470 
28.130453 	 952431 
28.130800 	 973348 
28.140196 	 802139 
28.140657 	 787470 
28.141119 	 952431 
28.141466 	 973705 
28.150862 	 802388 
28.151323 	 787710 
28.151787 	 952431 
28.152134 	 973348 
28.161528 	 802388 
28.161991 	 787470 
28.162453 	 952431 
28.162800 	 973705 
28.172195 	 802139 
28.172657 	 787470 
28.173120 	 952431 
28.173468 	 973348 
28.182861 	 802388 
28.183325 	 787470 
28.183786 	 952431 
28.184134 	 973348 
28.193529 	 802139 
28.193991 	 787470 
28.194452 	 952431 
28.194799 	 973705 
28.204195 	 802388 
28.204657 	 787710 
28.205120 	 952431 
28.205467 	 973348 
28.214861 	 802388 
28.215324 	 787470 
28.215786 	 952431 
28.216133 	 973705 
28.225529 	 802139 
28.225990 	 787710 
28.226454 	 952431 
28.226801 	 973348 
28.236195 	 802388 
28.236658 	 787470 
28.237120 	 952431 
28.237467 	 973348 
28.246862 	 802139 
28.247324 	 787470 
28.247786 	 952431 
28.248135 	 973348 
28.257528 	 802388 
28.257990 	 787710 
28.258453 	 952431 
28.258801 	 973348 
28.268194 	 802388 
28.268658 	 787470 
28.269119 	 952431 
28.269466 	 973705 
28.278862 	 802388 
28.279324 	 787710 
28.279787 	 952431 
28.280134 	 973348 
28.289528 	 802388 
28.289991 	 787470 
28.290453 	 952431 
28.290800 	 973348 
28.300196 	 802139 
28.300657 	 787470 
28.301121 	 952090 
28.301468 	 973348 
28.310862 	 802388 
28.311323 	 787710 
28.311787 	 952431 
28.312134 	 973348 
28.321527 	 802388 
28.321991 	 787470 
28.322453 	 952431 
28.322800 	 973705 
28.332195 	 802388 
28.332657 	 787710 
28.333120 	 952431 
28.333467 	 973348 
28.342861 	 802388 
28.343325 	 787470 
28.343786 	 952431 
28.344133 	 973348 
28.353529 	 802139 
28.353991 	 787470 
28.354454 	 952090 
28.354801 	 973348 
28.364195 	 802388 
28.364658 	 787470 
28.365120 	 952431 
28.365467 	 973348 
28.374861 	 802388 
28.375324 	 787470 
28.375786 	 952431 
28.376133 	 973705 
28.385529 	 802388 
28.385990 	 787710 
28.386454 	 952431 
28.386801 	 973348 
28.396194 	 802388 
28.396658 	 787470 
28.397120 	 952431 
28.397467 	 973348 
28.406862 	 802139 
28.407324 	 787470 
28.407787 	 952090 
28.408134 	 973348 
28.417528 	 802388 
28.417992 	 787470 
28.418453 	 952431 
28.418800 	 973348 
28.428196 	 802139 
28.428658 	 787470 
28.429119 	 952431 
28.429466 	 973705 
28.438862 	 802388 
28.439323 	 787710 
28.439787 	 952431 
28.440134 	 973348 
28.449528 	 802388 
28.449991 	 787470 
28.450453 	 952431 
28.450800 	 973348 
28.460196 	 802139 
28.460657 	 787470 
28.461121 	 952090 
28.461468 	 973348 
28.470861 	 802388 
28.471325 	 787470 
28.471786 	 952431 
28.472134 	 973348 
28.481529 	 802139 
28.481991 	 787470 
28.482452 	 952431 
28.482800 	 973705 
28.492195 	 802388 
28.492657 	 787710 
28.493120 	 952431 
28.493467 	 973348 
28.502861 	 802388 
28.503325 	 787470 
28.503786 	 952431 
28.504133 	 973705 
28.513529 	 802139 
28.513990 	 787470 
28.514454 	 952090 
28.514801 	 973348 
28.524195 	 802388 
28.524658 	 787470 
28.525120 	 952431 
28.525467 	 973348 
28.534863 	 802139 
28.535324 	 787470 
28.535786 	 952431 
28.536133 	 973705 
28.545528 	 802388 
28.545990 	 787710 
28.546453 	 952431 
28.546801 	 973348 
28.556194 	 802388 
28.556658 	 787470 
28.557119 	 952431 
28.557467 	 973705 
28.566862 	 802139 
28.567324 	 787470 
28.567787 	 952431 
28.568134 	 973348 
28.577528 	 802388 
28.577991 	 787470 
28.578453 	 952431 
28.578800 	 973348 
28.588196 	 802139 
28.588657 	 787470 
28.589119 	 952431 
28.589466 	 973705 
28.598862 	 802388 
28.599323 	 787710 
28.599787 	 952431 
28.600134 	 973348 
28.609528 	 802388 
28.609991 	 787470 
28.610453 	 952431 
28.610800 	 973705 
28.620195 	 802139 
28.620657 	 787470 
28.621120 	 952431 
28.621468 	 973348 
28.630861 	 802388 
28.631325 	 787470 
28.631786 	 952431 
28.632133 	 973348 
28.641529 	 802139 
28.641991 	 787470 
28.642452 	 952431 
28.642801 	 973348 
28.652195 	 802388 
28.652657 	 787710 
28.653120 	 952431 
28.653467 	 973348 
28.662861 	 802388 
28.663324 	 787470 
28.663786 	 952431 
28.664133 	 973705 
28.673529 	 802139 
28.673990 	 787710 
28.674454 	 952431 
28.674801 	 973348 
28.684195 	 802388 
28.684658 	 787470 
28.685120 	 952431 
28.685467 	 973348 
28.694862 	 802139 
28.695324 	 787470 
28.695786 	 952431 
28.696135 	 973348 
28.705528 	 802388 
28.705990 	 787710 
28.706453 	 952431 
28.706800 	 973348 
28.716194 	 802388 
28.716658 	 787470 
28.717119 	 952431 
28.717466 	 973705 
28.726862 	 802388 
28.727324 	 787710 
28.727787 	 952431 
28.728134 	 973348 
28.737528 	 802388 
28.737991 	 787470 
28.738453 	 952431 
28.738800 	 973348 
28.748196 	 802139 
28.748657 	 787470 
28.749121 	 952090 
28.749468 	 973348 
28.758862 	 802388 
28.759323 	 787710 
28.759787 	 952431 
28.760134 	 973348 
28.769527 	 802388 
28.769991 	 787470 
28.770452 	 952431 
28.770800 	 973705 
28.780195 	 802388 
28.780657 	 787710 
28.781120 	 952431 
28.781467 	 973348 
28.790861 	 802388 
28.791325 	 787470 
28.791786 	 952431 
28.792133 	 973348 
28.801529 	 802139 
28.801991 	 787470 
28.802454 	 952090 
28.802801 	 973348 
28.812195 	 802388 
28.812658 	 787470 
28.813120 	 952431 
28.813467 	 973348 
28.822861 	 802388 
28.823324 	 787470 
28.823786 	 952431 
28.824133 	 973705 
28.833529 	 802388 
28.833990 	 787710 
28.834454 	 952431 
28.834801 	 973348 
28.844194 	 802388 
28.844658 	 787470 
28.845119 	 952431 
28.845467 	 973348 
28.854862 	 802139 
28.855324 	 787470 
28.855787 	 952090 
28.856134 	 973348 
28.865528 	 802388 
28.865992 	 787470 
28.866453 	 952431 
28.866800 	 973348 
28.876196 	 802139 
28.876657 	 787470 
28.877119 	 952431 
28.877466 	 973705 
28.886862 	 802388 
28.887323 	 787710 
28.887787 	 952431 
28.888134 	 973348 
28.897528 	 802388 
28.897991 	 787470 
28.898453 	 952431 
28.898800 	 973705 
28.908195 	 802139 
28.908657 	 787470 
28.909121 	 952090 
28.909468 	 973348 
28.918861 	 802388 
28.919325 	 787470 
28.919786 	 952431 
28.920134 	 973348 
28.929529 	 802139 
28.929991 	 787470 
28.930452 	 952431 
28.930799 	 973705 
28.940195 	 802388 
28.940657 	 787710 
28.941120 	 952431 
28.941467 	 973348 
28.950861 	 802388 
28.951324 	 787470 
28.951786 	 952431 
28.952133 	 973705 
28.961529 	 802139 
28.961990 	 787470 
28.962454 	 952090 
28.962801 	 973348 
28.972195 	 802388 
28.972658 	 787470 
28.973120 	 952431 
28.973467 	 973348 
28.982862 	 802139 
28.983324 	 787470 
28.983786 	 952431 
28.984133 	 973705 
28.993528 	 802388 
28.993990 	 787710 
28.994453 	 952431 
28.994801 	 973348 
29.004194 	 802388 
29.004658 	 787470 
29.005119 	 952431 
29.005466 	 973705 
29.014862 	 802139 
29.015324 	 787470 
29.015787 	 952431 
29.016134 	 973348 
29.025528 	 802388 
29.025991 	 787470 
29.026453 	 952431 
29.026800 	 973348 
29.036196 	 802139 
29.036657 	 787470 
29.037119 	 952431 
29.037466 	 973705 
29.046862 	 802388 
29.047323 	 787710 
29.047787 	 952431 
29.048134 	 973348 
29.057528 	 802388 
29.057991 	 787470 
29.058453 	 952431 
29.058800 	 973705 
29.068195 	 802139 
29.068657 	 787710 
29.069120 	 952431 
29.069468 	 973348 
29.078861 	 802388 
29.079325 	 787470 
29.079786 	 952431 
29.080133 	 973348 
29.089529 	 802139 
29.089991 	 787470 
29.090452 	 952431 
29.090801 	 973348 
29.100195 	 802388 
29.100657 	 787710 
29.101120 	 952431 
29.101467 	 973348 
29.110861 	 802388 
29.111324 	 787470 
29.111786 	 952431 
29.112133 	 973705 
29.121529 	 802139 
29.121990 	 787710 
29.122454 	 952431 
29.122801 	 973348 
29.132195 	 802388 
29.132658 	 787470 
29.133120 	 952431 
29.133467 	 973348 
29.142862 	 802139 
29.143324 	 787470 
29.143787 	 952090 
29.144135 	 973348 
29.153528 	 802388 
29.153990 	 787710 
29.154453 	 952431 
29.154800 	 973348 
29.164194 	 802388 
29.164658 	 787470 
29.165119 	 952431 
29.165466 	 973705 
29.174862 	 802388 
29.175323 	 787710 
29.175787 	 952431 
29.176134 	 973348 
29.185528 	 802388 
29.185991 	 787470 
29.186453 	 952431 
29.186800 	 973348 
29.196196 	 802139 
29.196657 	 787470 
29.197121 	 952090 
29.197468 	 973348 
29.206861 	 802388 
29.207325 	 787470 
29.207787 	 952431 
29.208134 	 973348 
29.217527 	 802388 
29.217991 	 787470 
29.218452 	 952431 
29.218800 	 973705 
29.228195 	 802388 
29.228657 	 787710 
29.229120 	 952431 
29.229467 	 973348 
29.238861 	 802388 
29.239325 	 787470 
29.239786 	 952431 
29.240133 	 973348 
29.249529 	 802139 
29.249990 	 787470 
29.250454 	 952090 
29.250801 	 973348 
29.260195 	 802388 
29.260658 	 787470 
29.261120 	 952431 
29.261467 	 973348 
29.270863 	 802139 
29.271324 	 787470 
29.271786 	 952431 
29.272133 	 973705 
29.281528 	 802388 
29.281990 	 787710 
29.282454 	 952431 
29.282801 	 973348 
29.292194 	 802388 
29.292658 	 787470 
29.293119 	 952431 
29.293467 	 973348 
29.302862 	 802139 
29.303324 	 787470 
29.303787 	 952090 
29.304134 	 973348 
29.313528 	 802388 
29.313992 	 787470 
29.314453 	 952431 
29.314800 	 973348 
29.324196 	 802139 
29.324657 	 787470 
29.325119 	 952431 
29.325466 	 973705 
29.334862 	 802388 
29.335323 	 787710 
29.335787 	 952431 
29.336134 	 973348 
29.345528 	 802388 
29.345991 	 787470 
29.346453 	 952431 
29.346800 	 973705 
29.356195 	 802139 
29.356657 	 787470 
29.357121 	 952090 
29.357468 	 973348 
29.366861 	 802388 
29.367325 	 787470 
29.367786 	 952431 
29.368134 	 973348 
29.377529 	 802139 
29.377991 	 787470 
29.378452 	 952431 
29.378799 	 973705 
29.388195 	 802388 
29.388657 	 787710 
29.389120 	 952431 
29.389467 	 973348 
29.398861 	 802388 
29.399324 	 787470 
29.399786 	 952431 
29.400133 	 973705 
29.409529 	 802139 
29.409990 	 787470 
29.410454 	 952431 
29.410801 	 973348 
29.420195 	 802388 
29.420658 	 787470 
29.421120 	 952431 
29.421467 	 973348 
29.430862 	 802139 
29.431324 	 787470 
29.431786 	 952431 
29.432133 	 973705 
29.441528 	 802388 
29.441990 	 787710 
29.442453 	 952431 
29.442801 	 973348 
29.452194 	 802388 
29.452658 	 787470 
29.453119 	 952431 
29.453466 	 973705 
29.462862 	 802139 
29.463324 	 787470 
29.463787 	 952431 
29.464134 	 973348 
29.473528 	 802388 
29.473991 	 787470 
29.474453 	 952431 
29.474800 	 973348 
29.484196 	 802139 
29.484657 	 787470 
29.485119 	 952431 
29.485466 	 973705 
29.494862 	 802388 
29.495323 	 787710 
29.495787 	 952431 
29.496134 	 973348 
29.505527 	 802388 
29.505991 	 787470 
29.506453 	 952431 
29.506800 	 973705 
29.516195 	 802139 
29.516657 	 787710 
29.517120 	 952431 
29.517467 	 973348 
29.526861 	 802388 
29.527325 	 787470 
29.527786 	 952431 
29.528133 	 973348 
29.537529 	 802139 
29.537991 	 787470 
29.538452 	 952431 
29.538801 	 973348 
29.548195 	 802388 
29.548656 	 787710 
29.549120 	 952431 
29.549467 	 973348 
29.558861 	 802388 
29.559324 	 787470 
29.559786 	 952431 
29.560133 	 973705 
29.569529 	 802388 
29.569990 	 787710 
29.570454 	 952431 
29.570801 	 973348 
29.580194 	 802388 
29.580658 	 787470 
29.581120 	 952431 
29.581467 	 973348 
29.590862 	 802139 
29.591324 	 787470 
29.591787 	 952090 
29.592134 	 973348 
29.601528 	 802388 
29.601990 	 787710 
29.602453 	 952431 
29.602800 	 973348 
29.612194 	 802388 
29.612658 	 787470 
29.613119 	 952431 
29.613466 	 973705 
29.622862 	 802388 
29.623323 	 787710 
29.623787 	 952431 
29.624134 	 973348 
29.633528 	 802388 
29.633991 	 787470 
29.634453 	 952431 
29.634800 	 973348 
29.644196 	 802139 
29.644657 	 787470 
29.645121 	 952090 
29.645468 	 973348 
29.654861 	 802388 
29.655325 	 787470 
29.655787 	 952431 
29.656134 	 973348 
29.665527 	 802388 
29.665991 	 787470 
29.666452 	 952431 
29.666800 	 973705 
29.676195 	 802388 
29.676657 	 787710 
29.677120 	 952431 
29.677467 	 973348 
29.686861 	 802388 
29.687325 	 787470 
29.687786 	 952431 
29.688133 	 973348 
29.697529 	 802139 
29.697990 	 787470 
29.698454 	 952090 
29.698801 	 973348 
29.708195 	 802388 
29.708658 	 787470 
29.709120 	 952431 
29.709467 	 973348 
29.718863 	 802139 
29.719324 	 787470 
29.719786 	 952431 
29.720133 	 973705 
29.729528 	 802388 
29.729990 	 787710 
29.730453 	 952431 
29.730801 	 973348 
29.740194 	 802388 
29.740658 	 787470 
29.741119 	 952431 
29.741467 	 973348 
29.750862 	 802139 
29.751324 	 787470 
29.751787 	 952090 
29.752134 	 973348 
29.761528 	 802388 
29.761992 	 787470 
29.762453 	 952431 
29.762800 	 973348 
29.772196 	 802139 
29.772657 	 787470 
29.773119 	 952431 
29.773466 	 973705 
29.782862 	 802388 
29.783323 	 787710 
29.783787 	 952431 
29.784134 	 973348 
29.793528 	 802388 
29.793991 	 787470 
29.794453 	 952431 
29.794800 	 973705 
29.804195 	 802139 
29.804657 	 787470 
29.805120 	 952090 
29.805468 	 973348 
29.814861 	 802388 
29.815325 	 787470 
29.815786 	 952431 
29.816133 	 973348 
29.825529 	 802139 
29.825991 	 787470 
29.826452 	 952431 
29.826799 	 973705 
29.836195 	 802388 
29.836657 	 787710 
29.837120 	 952431 
29.837467 	 973348 
29.846861 	 802388 
29.847324 	 787470 
29.847786 	 952431 
29.848133 	 973705 
29.857529 	 802139 
29.857990 	 787470 
29.858454 	 952431 
29.858801 	 973348 
29.868195 	 802388 
29.868658 	 787470 
29.869120 	 952431 
29.869467 	 973348 
29.878862 	 802139 
29.879324 	 787470 
29.879786 	 952431 
29.880133 	 973705 
29.889528 	 802388 
29.889990 	 787710 
29.890453 	 952431 
29.890800 	 973348 
29.900194 	 802388 
29.900658 	 787470 
29.901119 	 952431 
29.901466 	 973705 
29.910862 	 802139 
29.911324 	 787470 
29.911787 	 952431 
29.912134 	 973348 
29.921528 	 802388 
29.921991 	 787470 
29.922453 	 952431 
29.922800 	 973348 
29.932196 	 802139 
29.932657 	 787470 
29.933119 	 952431 
29.933468 	 973348 
29.942862 	 802388 
29.943323 	 787710 
29.943787 	 952431 
29.944134 	 973348 
29.953527 	 802388 
29.953991 	 787470 
29.954453 	 952431 
29.954800 	 973705 
29.964195 	 802139 
29.964657 	 787710 
29.965120 	 952431 
29.965467 	 973348 
29.974861 	 802388 
29.975325 	 787470 
29.975786 	 952431 
29.976133 	 973348 
29.985529 	 802139 
29.985991 	 787470 
29.986454 	 952090 
29.986801 	 973348 
29.996195 	 802388 
29.996656 	 787710 
29.997120 	 952431 
29.997467 	 973348 
30.006861 	 802388 
30.007324 	 787470 
30.007786 	 952431 
30.008133 	 973705 
